# oST version 5.0 parameters


[image]

width
320

height
240

[narrow_stereo/left]

camera matrix
215.882557 0.000000 173.314501
0.000000 213.388681 127.746677
0.000000 0.000000 1.000000

distortion
0.023609 -0.003795 0.000406 -0.001733 0.000000

rectification
0.999365 0.012366 -0.033405
-0.012292 0.999922 0.002408
0.033432 -0.001996 0.999439

projection
233.328692 0.000000 176.193830 0.000000
0.000000 233.328692 128.107346 0.000000
0.000000 0.000000 1.000000 0.000000
# oST version 5.0 parameters


[image]

width
320

height
240

[narrow_stereo/right]

camera matrix
213.868566 0.000000 171.214878
0.000000 211.578677 128.688885
0.000000 0.000000 1.000000

distortion
0.056915 -0.057371 -0.000198 -0.002223 0.000000

rectification
0.999970 0.006573 0.004012
-0.006565 0.999976 -0.002215
-0.004026 0.002189 0.999989

projection
233.328692 0.000000 176.193830 -14.382624
0.000000 233.328692 128.107346 0.000000
0.000000 0.000000 1.000000 0.000000
